Record Length: 1024
BoardID: 31
Channel: 0
Event Number: 1211
Pattern: 0x0000
Trigger Time Stamp: 1418327025
DC offset (DAC): 0x7FFF
2059
2059
2058
2058
2058
2058
2059
2058
2058
2058
2058
2058
2059
2059
2056
2058
2058
2057
2057
2058
2057
2059
2057
2059
2059
2058
2057
2058
2057
2059
2058
2058
2057
2058
2058
2059
2060
2057
2059
2059
2058
2057
2059
2059
2058
2057
2058
2058
2057
2058
2058
2058
2059
2057
2060
2061
2058
2058
2058
2057
2057
2056
2057
2058
2059
2057
2057
2059
2058
2058
2059
2059
2059
2058
2058
2057
2058
2060
2059
2058
2058
2057
2057
2057
2058
2059
2058
2058
2060
2060
2057
2058
2058
2058
2059
2059
2058
2059
2058
2058
2057
2057
2058
2059
2058
2057
2056
2058
2058
2057
2058
2058
2057
2059
2058
2057
2058
2057
2057
2059
2058
2057
2057
2057
2057
2058
2058
2058
2057
2057
2059
2057
2057
2057
2057
2058
2057
2058
2057
2057
2057
2057
2057
2058
2060
2056
2057
2057
2056
2058
2057
2057
2058
2057
2057
2057
2056
2058
2058
2056
2057
2058
2058
2057
2058
2057
2055
2058
2057
2058
2058
2056
2057
2057
2057
2057
2057
2058
2058
2057
2059
2057
2057
2056
2056
2058
2058
2058
2058
2057
2057
2057
2057
2058
2057
2058
2056
2057
2058
2057
2057
2057
2058
2058
2058
2057
2056
2057
2058
2057
2059
2059
2056
2058
2058
2057
2057
2058
2059
2058
2057
2058
2055
2057
2057
2057
2058
2058
2058
2058
2058
2058
2057
2055
2058
2057
2057
2058
2058
2058
2057
2057
2055
2058
2058
2058
2059
2057
2057
2057
2056
2057
2056
2058
2058
2057
2057
2057
2058
2057
2056
2059
2060
2058
2060
2058
2058
2057
2058
2057
2057
2057
2057
2058
2058
2058
2058
2057
2058
2057
2058
2059
2057
2058
2058
2057
2058
2058
2058
2057
2059
2059
2060
2060
2057
2057
2057
2058
2058
2057
2061
2060
2058
2059
2057
2057
2058
2061
2060
2059
2057
2059
2059
2059
2059
2057
2057
2057
2057
2058
2058
2057
2056
2054
2056
2055
2054
2053
2053
2053
2050
2048
2047
2047
2047
2045
2045
2043
2041
2042
2041
2042
2041
2041
2039
2042
2042
2042
2043
2043
2044
2045
2045
2046
2047
2048
2048
2049
2048
2049
2050
2050
2050
2050
2053
2051
2049
2053
2053
2052
2053
2053
2053
2053
2053
2053
2055
2055
2057
2056
2055
2055
2055
2055
2054
2054
2056
2057
2055
2057
2059
2058
2057
2059
2058
2058
2058
2058
2059
2059
2058
2059
2058
2058
2060
2061
2059
2059
2059
2061
2061
2059
2061
2060
2060
2061
2061
2061
2059
2061
2061
2060
2060
2060
2061
2062
2061
2064
2062
2062
2061
2061
2061
2062
2064
2064
2062
2064
2064
2063
2064
2063
2064
2066
2063
2064
2065
2066
2064
2066
2061
2062
2061
2064
2061
2059
2059
2061
2059
2058
2059
2058
2059
2059
2071
2079
2078
2069
2067
2065
2062
2060
2061
2060
2059
2058
2052
2042
2044
2047
2048
2037
2035
2041
2036
2021
1974
1889
1749
1533
1283
1132
1163
1281
1397
1521
1649
1761
1839
1891
1928
1957
1982
1995
2008
2015
2024
2028
2029
2036
2036
2035
2032
2030
2032
2041
2052
2056
2056
2057
2056
2058
2054
2053
2052
2050
2051
2050
2049
2049
2051
2051
2050
2051
2052
2054
2055
2058
2059
2053
2045
2041
2043
2044
2043
2044
2045
2047
2047
2049
2052
2052
2052
2053
2051
2051
2051
2052
2049
2049
2049
2044
2049
2050
2055
2059
2058
2057
2058
2057
2056
2055
2050
2050
2049
2049
2047
2047
2050
2049
2049
2050
2053
2053
2052
2052
2054
2053
2049
2045
2045
2047
2045
2046
2047
2049
2050
2053
2051
2054
2054
2055
2054
2052
2050
2050
2050
2051
2049
2050
2050
2052
2051
2054
2055
2054
2055
2052
2052
2051
2051
2051
2047
2048
2046
2048
2049
2049
2051
2053
2051
2052
2051
2053
2053
2050
2050
2050
2050
2049
2049
2049
2052
2052
2053
2053
2055
2055
2056
2055
2055
2054
2051
2051
2052
2050
2050
2052
2051
2053
2054
2054
2055
2054
2053
2054
2053
2050
2052
2051
2051
2049
2050
2050
2050
2053
2053
2055
2055
2054
2053
2054
2053
2054
2052
2052
2053
2053
2052
2053
2051
2052
2054
2054
2056
2056
2055
2055
2056
2054
2053
2053
2052
2052
2053
2053
2053
2054
2056
2055
2055
2053
2053
2054
2054
2054
2053
2052
2053
2052
2052
2053
2054
2054
2055
2055
2057
2056
2056
2056
2056
2054
2054
2055
2053
2055
2054
2054
2054
2052
2056
2055
2056
2056
2057
2055
2054
2053
2053
2051
2053
2053
2053
2052
2053
2053
2053
2053
2053
2054
2053
2056
2052
2053
2052
2052
2052
2052
2052
2052
2053
2053
2054
2052
2054
2055
2054
2054
2054
2054
2053
2053
2053
2053
2054
2053
2053
2053
2053
2054
2055
2052
2054
2053
2054
2053
2051
2052
2053
2051
2053
2051
2052
2053
2053
2052
2054
2052
2052
2054
2051
2053
2054
2053
2052
2053
2052
2052
2054
2055
2054
2055
2053
2056
2054
2053
2056
2054
2054
2052
2053
2053
2051
2053
2053
2055
2054
2053
2054
2055
2053
2054
2053
2054
2052
2053
2053
2052
2053
2053
2054
2054
2054
2054
2053
2053
2053
2054
2053
2053
2054
2053
2054
2053
2053
2053
2054
2055
2056
2055
2054
2055
2055
2053
2054
2054
2054
2052
2053
2053
2054
2053
2053
2053
2054
2054
2054
2056
2053
2055
2054
2052
2053
2054
2054
2055
2053
2053
2055
2055
2057
2054
2055
2055
2055
2055
2055
2055
2055
2054
2055
2054
2054
2055
2055
2055
2055
2054
2054
2055
2056
2057
2055
2056
2054
2056
2054
2057
2055
2055
2054
2054
2055
2055
2054
2056
2054
2055
2055
2054
2055
2056
2055
2055
2054
2055
2056
2055
2055
2055
2056
2055
2056
2054
2055
2054
2054
2054
2055
2053
2054
2055
2055
2056
2053
2055
2054
2054
2054
2056
2056
2055
2056
2056
2053
2054
2053
2053
2055
2055
2055
2057
2055
2055
2056
2055
2057
2056
2054
2056
2055
2057
2056
2057
2055
2056
2055
2053
2056
2054
2056
2055
2056
2056
2056
2057
2054
2056
2055
2056
2056
2055
2056
2056
2056
2055
2055
2056
2055
2055
2055
2055
2055
2054
Record Length: 1024
BoardID: 31
Channel: 1
Event Number: 1211
Pattern: 0x0000
Trigger Time Stamp: 1418327025
DC offset (DAC): 0x7FFF
2052
2052
2052
2053
2052
2051
2050
2051
2053
2052
2050
2052
2050
2053
2053
2051
2050
2052
2049
2052
2055
2048
2054
2053
2048
2053
2052
2053
2052
2050
2051
2051
2051
2053
2051
2050
2050
2050
2052
2050
2052
2053
2050
2054
2053
2050
2052
2051
2051
2051
2051
2053
2053
2052
2052
2051
2052
2052
2050
2051
2051
2053
2052
2050
2051
2052
2050
2052
2053
2051
2052
2052
2053
2053
2051
2052
2052
2050
2054
2052
2052
2049
2052
2053
2053
2052
2052
2052
2051
2052
2053
2053
2055
2053
2053
2053
2055
2055
2056
2057
2058
2058
2058
2061
2059
2058
2060
2061
2059
2061
2062
2059
2060
2061
2060
2058
2059
2060
2059
2057
2057
2057
2056
2057
2058
2058
2057
2057
2057
2056
2057
2056
2056
2057
2054
2054
2056
2053
2055
2054
2057
2056
2056
2054
2056
2053
2052
2054
2054
2055
2054
2054
2054
2055
2054
2055
2053
2054
2055
2054
2054
2055
2054
2053
2051
2053
2052
2054
2054
2053
2053
2053
2053
2053
2054
2053
2052
2054
2054
2053
2052
2053
2053
2051
2054
2052
2052
2053
2053
2054
2054
2052
2053
2053
2054
2055
2054
2054
2054
2053
2053
2053
2054
2053
2053
2054
2053
2053
2054
2053
2055
2052
2054
2054
2053
2051
2053
2054
2054
2053
2052
2054
2054
2053
2052
2053
2054
2054
2053
2053
2052
2052
2053
2054
2054
2054
2053
2052
2053
2053
2053
2053
2053
2054
2053
2053
2052
2051
2052
2053
2053
2052
2053
2053
2052
2053
2052
2053
2053
2053
2052
2054
2052
2053
2052
2052
2052
2053
2052
2054
2051
2053
2051
2051
2052
2052
2051
2051
2050
2052
2052
2050
2050
2052
2053
2052
2050
2052
2050
2052
2051
2052
2053
2053
2053
2053
2052
2051
2052
2052
2053
2054
2053
2052
2053
2051
2050
2051
2052
2052
2053
2050
2053
2054
2050
2050
2051
2052
2051
2050
2053
2051
2051
2053
2053
2050
2052
2053
2052
2052
2052
2051
2053
2053
2053
2052
2053
2052
2054
2053
2051
2052
2053
2053
2051
2051
2053
2054
2053
2052
2052
2052
2053
2053
2052
2052
2053
2052
2052
2054
2053
2054
2054
2052
2053
2052
2054
2055
2054
2053
2053
2054
2055
2053
2053
2051
2052
2053
2052
2053
2053
2052
2053
2055
2056
2055
2054
2054
2053
2052
2055
2052
2052
2053
2054
2054
2053
2054
2054
2054
2053
2054
2054
2053
2054
2053
2053
2053
2053
2054
2052
2053
2055
2053
2053
2052
2052
2055
2054
2056
2054
2053
2054
2052
2055
2054
2051
2054
2053
2056
2054
2055
2053
2054
2054
2053
2055
2053
2052
2053
2054
2056
2054
2055
2054
2052
2055
2054
2054
2053
2053
2054
2053
2058
2055
2052
2052
2057
2053
2052
2054
2054
2052
2054
2053
2053
2053
2053
2054
2054
2054
2056
2054
2049
2045
2033
2016
1998
1982
1970
1959
1954
1948
1948
1947
1944
1941
1941
1945
1946
1948
1947
1945
1946
1950
1953
1955
1949
1947
1946
1951
1952
1955
1957
1954
1958
1961
1956
1958
1967
1971
1962
1961
1962
1966
1972
1974
1969
1969
1969
1970
1975
1974
1977
1982
1980
1981
1987
1984
1986
1988
1985
1985
1989
1992
1993
1992
1993
2001
2000
2001
2002
2005
2004
2002
1997
1994
1994
1991
1997
2001
2005
2007
2004
2008
2009
2012
2015
2017
2015
2017
2015
2018
2019
2018
2017
2017
2017
2018
2021
2020
2021
2025
2022
2022
2023
2021
2024
2022
2024
2027
2025
2025
2025
2022
2023
2027
2028
2029
2027
2026
2028
2033
2028
2028
2028
2032
2034
2031
2030
2031
2033
2033
2035
2037
2034
2034
2035
2037
2036
2036
2034
2035
2033
2036
2036
2037
2040
2034
2040
2041
2037
2042
2039
2036
2037
2036
2040
2041
2042
2044
2038
2040
2041
2042
2042
2043
2042
2045
2042
2045
2044
2039
2044
2045
2044
2044
2042
2042
2043
2043
2044
2043
2043
2044
2045
2044
2046
2044
2043
2046
2045
2047
2047
2049
2048
2046
2048
2044
2045
2045
2045
2049
2048
2045
2045
2046
2049
2048
2048
2048
2043
2048
2052
2044
2046
2049
2048
2046
2045
2046
2050
2048
2050
2051
2049
2049
2052
2049
2048
2049
2049
2048
2050
2050
2049
2048
2050
2050
2048
2049
2049
2050
2051
2049
2050
2046
2046
2049
2049
2048
2050
2048
2049
2050
2050
2052
2050
2052
2051
2046
2048
2050
2049
2050
2051
2052
2049
2049
2052
2051
2051
2050
2051
2052
2052
2052
2053
2051
2052
2052
2050
2048
2051
2053
2050
2049
2053
2051
2051
2053
2053
2052
2051
2051
2053
2050
2053
2052
2053
2050
2053
2052
2052
2052
2052
2052
2052
2052
2051
2052
2052
2052
2049
2052
2051
2050
2050
2050
2052
2050
2052
2053
2052
2052
2052
2052
2052
2052
2052
2051
2051
2050
2050
2052
2052
2053
2053
2052
2050
2052
2054
2054
2052
2050
2048
2050
2054
2052
2051
2051
2048
2049
2052
2054
2054
2055
2052
2051
2051
2050
2051
2049
2054
2055
2054
2050
2050
2050
2048
2051
2052
2054
2053
2053
2051
2049
2049
2051
2050
2050
2053
2053
2053
2052
2052
2051
2052
2053
2055
2052
2051
2053
2053
2053
2051
2050
2050
2051
2052
2054
2053
2053
2052
2052
2052
2053
2052
2053
2052
2050
2052
2051
2052
2052
2051
2052
2051
2054
2053
2052
2052
2052
2052
2050
2053
2053
2052
2051
2052
2053
2053
2052
2052
2053
2050
2052
2052
2051
2052
2052
2054
2052
2052
2051
2051
2053
2054
2050
2050
2051
2054
2053
2054
2053
2052
2050
2050
2054
2050
2050
2053
2054
2054
2054
2052
2052
2053
2053
2053
2053
2053
2053
2052
2052
2052
2051
2052
2051
2053
2053
2053
2053
2054
2053
2052
2052
2050
2052
2053
2055
2054
2053
2053
2053
2053
2054
2054
2054
2054
2054
2056
2054
2056
2056
2053
2052
2052
2053
2052
2054
2054
2056
2058
2055
2054
2053
2052
2053
2054
2055
2053
2054
2052
2054
2053
2053
2054
2054
2054
2053
2054
2055
2054
2054
2054
2054
2054
2053
2054
2053
2053
2054
2052
2054
2053
2054
2053
2054
2054
2053
2053
2056
2053
