Record Length: 1024
BoardID: 31
Channel: 0
Event Number: 988816
Pattern: 0x0000
Trigger Time Stamp: 3158788147
DC offset (DAC): 0x7FFF
2059
2059
2058
2058
2058
2058
2059
2058
2058
2058
2058
2058
2059
2059
2056
2058
2058
2057
2057
2058
2057
2059
2057
2059
2059
2058
2057
2058
2057
2059
2058
2058
2057
2058
2058
2059
2060
2057
2059
2059
2058
2057
2059
2059
2058
2057
2058
2058
2057
2058
2058
2058
2059
2057
2060
2061
2058
2058
2058
2057
2057
2056
2057
2058
2059
2057
2057
2059
2058
2058
2059
2059
2059
2058
2058
2057
2058
2060
2059
2058
2058
2057
2057
2057
2058
2059
2058
2058
2060
2060
2057
2058
2058
2058
2059
2059
2058
2059
2058
2058
2057
2057
2058
2059
2058
2057
2056
2058
2058
2057
2058
2058
2057
2059
2058
2057
2058
2057
2057
2059
2058
2057
2057
2057
2057
2058
2058
2058
2057
2057
2059
2057
2057
2057
2057
2058
2057
2058
2057
2057
2057
2057
2057
2058
2060
2056
2057
2057
2056
2058
2057
2057
2058
2057
2057
2057
2056
2058
2058
2056
2057
2058
2058
2057
2058
2057
2055
2058
2057
2058
2058
2056
2057
2057
2057
2057
2057
2058
2058
2057
2059
2057
2057
2056
2056
2058
2058
2058
2058
2057
2057
2057
2057
2058
2057
2058
2056
2057
2058
2057
2057
2057
2058
2058
2058
2057
2056
2057
2058
2057
2059
2059
2056
2058
2058
2057
2057
2058
2059
2058
2057
2058
2055
2057
2057
2057
2058
2058
2058
2058
2058
2058
2057
2055
2058
2057
2057
2058
2058
2058
2057
2057
2055
2058
2058
2058
2059
2057
2057
2057
2056
2057
2056
2058
2058
2057
2057
2057
2058
2057
2056
2059
2060
2058
2060
2058
2058
2057
2058
2057
2057
2057
2057
2058
2058
2058
2058
2057
2058
2057
2058
2059
2057
2058
2058
2057
2058
2058
2058
2057
2059
2059
2060
2060
2057
2057
2057
2058
2058
2057
2061
2060
2058
2059
2057
2057
2058
2061
2060
2059
2057
2059
2059
2059
2059
2057
2057
2057
2057
2058
2058
2057
2056
2054
2056
2055
2054
2053
2053
2053
2050
2048
2047
2047
2047
2045
2045
2043
2041
2042
2041
2042
2041
2041
2039
2042
2042
2042
2043
2043
2044
2045
2045
2046
2047
2048
2048
2049
2048
2049
2050
2050
2050
2050
2053
2051
2049
2053
2053
2052
2053
2053
2053
2053
2053
2053
2055
2055
2057
2056
2055
2055
2055
2055
2054
2054
2056
2057
2055
2057
2059
2058
2057
2059
2058
2058
2058
2058
2059
2059
2058
2059
2058
2058
2060
2061
2059
2059
2059
2061
2061
2059
2061
2060
2060
2061
2061
2061
2059
2061
2061
2060
2060
2060
2061
2062
2061
2064
2062
2062
2061
2061
2061
2062
2064
2064
2062
2064
2064
2063
2064
2063
2064
2066
2063
2064
2065
2066
2064
2066
2061
2062
2061
2064
2061
2059
2059
2061
2059
2058
2059
2058
2059
2059
2071
2079
2078
2069
2067
2065
2062
2060
2061
2060
2059
2058
2052
2042
2044
2047
2048
2037
2035
2041
2036
2021
1974
1889
1749
1533
1283
1132
1163
1281
1397
1521
1649
1761
1839
1891
1928
1957
1982
1995
2008
2015
2024
2028
2029
2036
2036
2035
2032
2030
2032
2041
2052
2056
2056
2057
2056
2058
2054
2053
2052
2050
2051
2050
2049
2049
2051
2051
2050
2051
2052
2054
2055
2058
2059
2053
2045
2041
2043
2044
2043
2044
2045
2047
2047
2049
2052
2052
2052
2053
2051
2051
2051
2052
2049
2049
2049
2044
2049
2050
2055
2059
2058
2057
2058
2057
2056
2055
2050
2050
2049
2049
2047
2047
2050
2049
2049
2050
2053
2053
2052
2052
2054
2053
2049
2045
2045
2047
2045
2046
2047
2049
2050
2053
2051
2054
2054
2055
2054
2052
2050
2050
2050
2051
2049
2050
2050
2052
2051
2054
2055
2054
2055
2052
2052
2051
2051
2051
2047
2048
2046
2048
2049
2049
2051
2053
2051
2052
2051
2053
2053
2050
2050
2050
2050
2049
2049
2049
2052
2052
2053
2053
2055
2055
2056
2055
2055
2054
2051
2051
2052
2050
2050
2052
2051
2053
2054
2054
2055
2054
2053
2054
2053
2050
2052
2051
2051
2049
2050
2050
2050
2053
2053
2055
2055
2054
2053
2054
2053
2054
2052
2052
2053
2053
2052
2053
2051
2052
2054
2054
2056
2056
2055
2055
2056
2054
2053
2053
2052
2052
2053
2053
2053
2054
2056
2055
2055
2053
2053
2054
2054
2054
2053
2052
2053
2052
2052
2053
2054
2054
2055
2055
2057
2056
2056
2056
2056
2054
2054
2055
2053
2055
2054
2054
2054
2052
2056
2055
2056
2056
2057
2055
2054
2053
2053
2051
2053
2053
2053
2052
2053
2053
2053
2053
2053
2054
2053
2056
2052
2053
2052
2052
2052
2052
2052
2052
2053
2053
2054
2052
2054
2055
2054
2054
2054
2054
2053
2053
2053
2053
2054
2053
2053
2053
2053
2054
2055
2052
2054
2053
2054
2053
2051
2052
2053
2051
2053
2051
2052
2053
2053
2052
2054
2052
2052
2054
2051
2053
2054
2053
2052
2053
2052
2052
2054
2055
2054
2055
2053
2056
2054
2053
2056
2054
2054
2052
2053
2053
2051
2053
2053
2055
2054
2053
2054
2055
2053
2054
2053
2054
2052
2053
2053
2052
2053
2053
2054
2054
2054
2054
2053
2053
2053
2054
2053
2053
2054
2053
2054
2053
2053
2053
2054
2055
2056
2055
2054
2055
2055
2053
2054
2054
2054
2052
2053
2053
2054
2053
2053
2053
2054
2054
2054
2056
2053
2055
2054
2052
2053
2054
2054
2055
2053
2053
2055
2055
2057
2054
2055
2055
2055
2055
2055
2055
2055
2054
2055
2054
2054
2055
2055
2055
2055
2054
2054
2055
2056
2057
2055
2056
2054
2056
2054
2057
2055
2055
2054
2054
2055
2055
2054
2056
2054
2055
2055
2054
2055
2056
2055
2055
2054
2055
2056
2055
2055
2055
2056
2055
2056
2054
2055
2054
2054
2054
2055
2053
2054
2055
2055
2056
2053
2055
2054
2054
2054
2056
2056
2055
2056
2056
2053
2054
2053
2053
2055
2055
2055
2057
2055
2055
2056
2055
2057
2056
2054
2056
2055
2057
2056
2057
2055
2056
2055
2053
2056
2054
2056
2055
2056
2056
2056
2057
2054
2056
2055
2056
2056
2055
2056
2056
2056
2055
2055
2056
2055
2055
2055
2055
2055
2054
